<html>
<head><meta charset="utf-8" /></head>
<body>
    <div>                        <script type="text/javascript">window.PlotlyConfig = {MathJaxConfig: 'local'};</script>
        <script charset="utf-8" src="https://cdn.plot.ly/plotly-3.3.0.min.js" integrity="sha256-bO3dS6yCpk9aK4gUpNELtCiDeSYvGYnK7jFI58NQnHI=" crossorigin="anonymous"></script>                <div id="9ed3db65-ee76-4b8e-a64e-27c152c270f8" class="plotly-graph-div" style="height:600px; width:650px;"></div>            <script type="text/javascript">                window.PLOTLYENV=window.PLOTLYENV || {};                                if (document.getElementById("9ed3db65-ee76-4b8e-a64e-27c152c270f8")) {                    Plotly.newPlot(                        "9ed3db65-ee76-4b8e-a64e-27c152c270f8",                        [{"colorbar":{"len":0.55,"thickness":16,"title":{"text":"Proportion"},"y":0.5},"colorscale":[[0.0,"rgb(247,251,255)"],[0.125,"rgb(222,235,247)"],[0.25,"rgb(198,219,239)"],[0.375,"rgb(158,202,225)"],[0.5,"rgb(107,174,214)"],[0.625,"rgb(66,146,198)"],[0.75,"rgb(33,113,181)"],[0.875,"rgb(8,81,156)"],[1.0,"rgb(8,48,107)"]],"hovertemplate":"True: %{y}\u003cbr\u003ePredicted: %{x}\u003cbr\u003eCount: %{text}\u003cbr\u003eProportion: %{z:.3f}\u003cextra\u003e\u003c\u002fextra\u003e","text":[["7546","2114","3502"],["14965","46328","13933"],["750","603","908"]],"textfont":{"color":"black","size":12},"texttemplate":"%{text}","x":["1","3","4"],"y":["1","3","4"],"z":{"dtype":"f8","bdata":"SmjLJ51Y4j\u002f8xx\u002fz\u002fo7EP21L2TZGB9E\u002fkp21VKp2yT\u002fz+r3zDLXjP6J2Utwhtcc\u002fUvnObMM61T+vp9u8jBHRP\u002f9eVdavs9k\u002f","shape":"3, 3"},"zmax":1,"zmin":0,"type":"heatmap"}],                        {"template":{"data":{"histogram2dcontour":[{"type":"histogram2dcontour","colorbar":{"outlinewidth":0,"ticks":""},"colorscale":[[0.0,"#0d0887"],[0.1111111111111111,"#46039f"],[0.2222222222222222,"#7201a8"],[0.3333333333333333,"#9c179e"],[0.4444444444444444,"#bd3786"],[0.5555555555555556,"#d8576b"],[0.6666666666666666,"#ed7953"],[0.7777777777777778,"#fb9f3a"],[0.8888888888888888,"#fdca26"],[1.0,"#f0f921"]]}],"choropleth":[{"type":"choropleth","colorbar":{"outlinewidth":0,"ticks":""}}],"histogram2d":[{"type":"histogram2d","colorbar":{"outlinewidth":0,"ticks":""},"colorscale":[[0.0,"#0d0887"],[0.1111111111111111,"#46039f"],[0.2222222222222222,"#7201a8"],[0.3333333333333333,"#9c179e"],[0.4444444444444444,"#bd3786"],[0.5555555555555556,"#d8576b"],[0.6666666666666666,"#ed7953"],[0.7777777777777778,"#fb9f3a"],[0.8888888888888888,"#fdca26"],[1.0,"#f0f921"]]}],"heatmap":[{"type":"heatmap","colorbar":{"outlinewidth":0,"ticks":""},"colorscale":[[0.0,"#0d0887"],[0.1111111111111111,"#46039f"],[0.2222222222222222,"#7201a8"],[0.3333333333333333,"#9c179e"],[0.4444444444444444,"#bd3786"],[0.5555555555555556,"#d8576b"],[0.6666666666666666,"#ed7953"],[0.7777777777777778,"#fb9f3a"],[0.8888888888888888,"#fdca26"],[1.0,"#f0f921"]]}],"contourcarpet":[{"type":"contourcarpet","colorbar":{"outlinewidth":0,"ticks":""}}],"contour":[{"type":"contour","colorbar":{"outlinewidth":0,"ticks":""},"colorscale":[[0.0,"#0d0887"],[0.1111111111111111,"#46039f"],[0.2222222222222222,"#7201a8"],[0.3333333333333333,"#9c179e"],[0.4444444444444444,"#bd3786"],[0.5555555555555556,"#d8576b"],[0.6666666666666666,"#ed7953"],[0.7777777777777778,"#fb9f3a"],[0.8888888888888888,"#fdca26"],[1.0,"#f0f921"]]}],"surface":[{"type":"surface","colorbar":{"outlinewidth":0,"ticks":""},"colorscale":[[0.0,"#0d0887"],[0.1111111111111111,"#46039f"],[0.2222222222222222,"#7201a8"],[0.3333333333333333,"#9c179e"],[0.4444444444444444,"#bd3786"],[0.5555555555555556,"#d8576b"],[0.6666666666666666,"#ed7953"],[0.7777777777777778,"#fb9f3a"],[0.8888888888888888,"#fdca26"],[1.0,"#f0f921"]]}],"mesh3d":[{"type":"mesh3d","colorbar":{"outlinewidth":0,"ticks":""}}],"scatter":[{"fillpattern":{"fillmode":"overlay","size":10,"solidity":0.2},"type":"scatter"}],"parcoords":[{"type":"parcoords","line":{"colorbar":{"outlinewidth":0,"ticks":""}}}],"scatterpolargl":[{"type":"scatterpolargl","marker":{"colorbar":{"outlinewidth":0,"ticks":""}}}],"bar":[{"error_x":{"color":"#2a3f5f"},"error_y":{"color":"#2a3f5f"},"marker":{"line":{"color":"#E5ECF6","width":0.5},"pattern":{"fillmode":"overlay","size":10,"solidity":0.2}},"type":"bar"}],"scattergeo":[{"type":"scattergeo","marker":{"colorbar":{"outlinewidth":0,"ticks":""}}}],"scatterpolar":[{"type":"scatterpolar","marker":{"colorbar":{"outlinewidth":0,"ticks":""}}}],"histogram":[{"marker":{"pattern":{"fillmode":"overlay","size":10,"solidity":0.2}},"type":"histogram"}],"scattergl":[{"type":"scattergl","marker":{"colorbar":{"outlinewidth":0,"ticks":""}}}],"scatter3d":[{"type":"scatter3d","line":{"colorbar":{"outlinewidth":0,"ticks":""}},"marker":{"colorbar":{"outlinewidth":0,"ticks":""}}}],"scattermap":[{"type":"scattermap","marker":{"colorbar":{"outlinewidth":0,"ticks":""}}}],"scattermapbox":[{"type":"scattermapbox","marker":{"colorbar":{"outlinewidth":0,"ticks":""}}}],"scatterternary":[{"type":"scatterternary","marker":{"colorbar":{"outlinewidth":0,"ticks":""}}}],"scattercarpet":[{"type":"scattercarpet","marker":{"colorbar":{"outlinewidth":0,"ticks":""}}}],"carpet":[{"aaxis":{"endlinecolor":"#2a3f5f","gridcolor":"white","linecolor":"white","minorgridcolor":"white","startlinecolor":"#2a3f5f"},"baxis":{"endlinecolor":"#2a3f5f","gridcolor":"white","linecolor":"white","minorgridcolor":"white","startlinecolor":"#2a3f5f"},"type":"carpet"}],"table":[{"cells":{"fill":{"color":"#EBF0F8"},"line":{"color":"white"}},"header":{"fill":{"color":"#C8D4E3"},"line":{"color":"white"}},"type":"table"}],"barpolar":[{"marker":{"line":{"color":"#E5ECF6","width":0.5},"pattern":{"fillmode":"overlay","size":10,"solidity":0.2}},"type":"barpolar"}],"pie":[{"automargin":true,"type":"pie"}]},"layout":{"autotypenumbers":"strict","colorway":["#636efa","#EF553B","#00cc96","#ab63fa","#FFA15A","#19d3f3","#FF6692","#B6E880","#FF97FF","#FECB52"],"font":{"color":"#2a3f5f"},"hovermode":"closest","hoverlabel":{"align":"left"},"paper_bgcolor":"white","plot_bgcolor":"#E5ECF6","polar":{"bgcolor":"#E5ECF6","angularaxis":{"gridcolor":"white","linecolor":"white","ticks":""},"radialaxis":{"gridcolor":"white","linecolor":"white","ticks":""}},"ternary":{"bgcolor":"#E5ECF6","aaxis":{"gridcolor":"white","linecolor":"white","ticks":""},"baxis":{"gridcolor":"white","linecolor":"white","ticks":""},"caxis":{"gridcolor":"white","linecolor":"white","ticks":""}},"coloraxis":{"colorbar":{"outlinewidth":0,"ticks":""}},"colorscale":{"sequential":[[0.0,"#0d0887"],[0.1111111111111111,"#46039f"],[0.2222222222222222,"#7201a8"],[0.3333333333333333,"#9c179e"],[0.4444444444444444,"#bd3786"],[0.5555555555555556,"#d8576b"],[0.6666666666666666,"#ed7953"],[0.7777777777777778,"#fb9f3a"],[0.8888888888888888,"#fdca26"],[1.0,"#f0f921"]],"sequentialminus":[[0.0,"#0d0887"],[0.1111111111111111,"#46039f"],[0.2222222222222222,"#7201a8"],[0.3333333333333333,"#9c179e"],[0.4444444444444444,"#bd3786"],[0.5555555555555556,"#d8576b"],[0.6666666666666666,"#ed7953"],[0.7777777777777778,"#fb9f3a"],[0.8888888888888888,"#fdca26"],[1.0,"#f0f921"]],"diverging":[[0,"#8e0152"],[0.1,"#c51b7d"],[0.2,"#de77ae"],[0.3,"#f1b6da"],[0.4,"#fde0ef"],[0.5,"#f7f7f7"],[0.6,"#e6f5d0"],[0.7,"#b8e186"],[0.8,"#7fbc41"],[0.9,"#4d9221"],[1,"#276419"]]},"xaxis":{"gridcolor":"white","linecolor":"white","ticks":"","title":{"standoff":15},"zerolinecolor":"white","automargin":true,"zerolinewidth":2},"yaxis":{"gridcolor":"white","linecolor":"white","ticks":"","title":{"standoff":15},"zerolinecolor":"white","automargin":true,"zerolinewidth":2},"scene":{"xaxis":{"backgroundcolor":"#E5ECF6","gridcolor":"white","linecolor":"white","showbackground":true,"ticks":"","zerolinecolor":"white","gridwidth":2},"yaxis":{"backgroundcolor":"#E5ECF6","gridcolor":"white","linecolor":"white","showbackground":true,"ticks":"","zerolinecolor":"white","gridwidth":2},"zaxis":{"backgroundcolor":"#E5ECF6","gridcolor":"white","linecolor":"white","showbackground":true,"ticks":"","zerolinecolor":"white","gridwidth":2}},"shapedefaults":{"line":{"color":"#2a3f5f"}},"annotationdefaults":{"arrowcolor":"#2a3f5f","arrowhead":0,"arrowwidth":1},"geo":{"bgcolor":"white","landcolor":"#E5ECF6","subunitcolor":"white","showland":true,"showlakes":true,"lakecolor":"white"},"title":{"x":0.05},"mapbox":{"style":"light"}}},"title":{"text":"Logistic Regression — Confusion Matrix (Acc = 0.604)","x":0.5,"y":0.95,"xanchor":"center"},"xaxis":{"title":{"text":"Predicted label"},"tickmode":"array","tickvals":["1","3","4"],"ticktext":["1","3","4"],"constrain":"domain"},"yaxis":{"title":{"text":"True label"},"tickmode":"array","tickvals":["1","3","4"],"ticktext":["1","3","4"],"autorange":"reversed"},"margin":{"l":80,"r":120,"t":80,"b":60},"updatemenus":[{"buttons":[{"args":[{"z":[[[0.5733171250569822,0.16061388846679836,0.2660689864762194],[0.19893387924387845,0.6158509026134581,0.18521521814266345],[0.33171163202122955,0.26669615214506853,0.4015922158337019]]],"text":[[["7546","2114","3502"],["14965","46328","13933"],["750","603","908"]]]},{"title.text":"Logistic Regression — Confusion Matrix (Acc = 0.604)"}],"label":"Logistic Regression","method":"update"},{"args":[{"z":[[[0.5986932077191917,0.12353745631363015,0.27776933596717823],[0.27979687873873393,0.43718926966740224,0.28301385159386383],[0.4130915524104379,0.19637328615656788,0.39053516143299427]]],"text":[[["7880","1626","3656"],["21048","32888","21290"],["934","444","883"]]]},{"title.text":"Naive Bayes — Confusion Matrix (Acc = 0.459)"}],"label":"Naive Bayes","method":"update"},{"args":[{"z":[[[0.6065947424403586,0.1929797903054247,0.20042546725421667],[0.23339005131204638,0.6296094435434557,0.1370005051444979],[0.41839893852277754,0.31800088456435205,0.2636001769128704]]],"text":[[["7984","2540","2638"],["17557","47363","10306"],["946","719","596"]]]},{"title.text":"KNN — Confusion Matrix (Acc = 0.617)"}],"label":"KNN","method":"update"},{"args":[{"z":[[[0.23613432609025983,0.7631818872511776,0.0006837866585625285],[0.03863026081408024,0.9611703400420067,0.0001993991439130088],[0.11410880141530297,0.8845643520566121,0.0013268465280849183]]],"text":[[["3108","10045","9"],["2906","72305","15"],["258","2000","3"]]]},{"title.text":"XGBoost — Confusion Matrix (Acc = 0.832)"}],"label":"XGBoost","method":"update"},{"args":[{"z":[[[0.16228536696550677,0.8377146330344932,0.0],[0.020498231994257304,0.9795017680057427,0.0],[0.0725342768686422,0.9274657231313578,0.0]]],"text":[[["2136","11026","0"],["1542","73684","0"],["164","2097","0"]]]},{"title.text":"Random Forest — Confusion Matrix (Acc = 0.836)"}],"label":"Random Forest","method":"update"},{"args":[{"z":[[[0.3219875398875551,0.6337942561920681,0.04421820392037684],[0.12479727753702177,0.8493340068593306,0.025868715603647674],[0.23706324635117204,0.718266253869969,0.04467049977885891]]],"text":[[["4238","8342","582"],["9388","63892","1946"],["536","1624","101"]]]},{"title.text":"Decision Tree — Confusion Matrix (Acc = 0.753)"}],"label":"Decision Tree","method":"update"},{"args":[{"z":[[[0.5714936939674822,0.17246619054854886,0.256040115483969],[0.2001701539361391,0.6319091803365857,0.16792066572727515],[0.32242370632463513,0.28836797877045556,0.3892083149049093]]],"text":[[["7522","2270","3370"],["15058","47536","12632"],["729","652","880"]]]},{"title.text":"Linear SVM — Confusion Matrix (Acc = 0.617)"}],"label":"Linear SVM","method":"update"}],"direction":"down","showactive":true,"x":0.98,"xanchor":"right","y":0.99,"yanchor":"top"}],"width":650,"height":600,"plot_bgcolor":"white","paper_bgcolor":"white"},                        {"responsive": true}                    )                };            </script>        </div>

<div style="margin-top: 20px; font-family: Arial; font-size: 15px; line-height: 1.6;">
  <h3>Interpretation: Interactive Confusion-Matrix Explorer</h3>
  <p>
    This interactive heatmap lets you compare confusion matrices across all trained classifiers.
    Use the dropdown menu at the top to switch between models; the color of each cell shows the
    <b>proportion</b> of predictions for that true class, while the numbers inside the cells show the
    <b>raw counts</b>. Darker squares along the diagonal correspond to correct predictions, whereas
    off-diagonal cells highlight specific misclassifications between classes 1 (No diabetes),
    3 (Prediabetes), and 4 (Diabetes). The matrices reveal substantial differences in class-specific performance across models, 
    with tree-based methods (XGBoost and Random Forest) showing extremely high recall for class 3 but weaker identification of class 4, 
    while linear models (Logistic Regression and SVM) provide more balanced—but overall lower—performance across classes.
  </p>
  <p>
    By exploring the dropdown, you can see how different models trade off between correctly identifying
    prediabetes versus diabetes and where they systematically confuse classes, going beyond what a single
    summary metric like accuracy can reveal.
  </p>
</div>
</body>
</html>